000099
000096
000090
600783
600782
603131
601368
002191
002196
002194
600784
600958
300252
300253
300250
300251
300256
300257
300254
300255
300258
300259
600789
603737
300495
300496
601866
300490
300491
300492
300493
300498
300499
000625
300425
603223
603227
300424
600369
300427
603919
603918
000153
603355
600048
600360
603828
600363
600362
600367
600366
002035
600391
300078
300079
300072
300073
300070
300071
300076
300077
300074
300075
002332
002333
002330
002331
002336
002337
002334
002338
002339
601186
600857
600856
600855
600854
600853
600851
600850
600859
600858
601678
601677
300106
300107
300104
300105
300102
300103
300100
300101
002800
002801
002802
002805
300108
300109
002585
002488
002489
002484
002485
002486
002487
002480
002481
002482
601699
600580
600583
600582
600584
002248
600586
600589
600588
002244
002245
002242
002243
002240
002241
600611
600610
600613
600612
600615
600614
600617
600616
600619
600618
601218
601211
601216
600039
600031
600030
600033
600035
600037
600036
002798
002799
002068
002069
002790
002063
002060
002061
002066
002067
002064
002065
600109
600108
600105
600104
600107
600106
600101
600100
600103
000402
000403
000400
600326
600321
000407
600323
600322
000408
000409
600329
600328
002664
002665
002666
002667
002660
002661
002662
002663
002668
002669
002466
002467
002464
002465
002462
002463
002460
002461
002468
002469
603030
600299
601058
000792
000793
000790
000791
000796
000797
000795
000798
000799
300494
601985
601988
601989
000022
300497
603108
603100
603101
603696
603698
603699
300241
300240
300243
300242
300245
300244
300247
300246
300249
300248
300483
300482
300481
300480
300487
300486
300485
601857
300489
300488
603589
603968
603969
603188
603368
603369
000903
300069
300068
300061
300063
300062
300065
300064
300067
300066
601199
002320
002323
002322
002325
002324
002327
002326
002329
002328
000856
600730
600822
600823
600820
600821
600826
600827
600824
600825
600736
600828
600829
600284
600881
601668
600882
600735
601666
300115
300114
300117
300116
300111
300110
300113
300112
300119
300118
300082
002499
002498
002493
002492
002491
002490
601689
601688
002495
002494
002259
002258
002255
002254
002256
002251
002250
002253
002252
600629
600624
600626
600620
600621
600622
600623
601208
600983
002787
002786
002785
002783
002782
002781
002780
002789
002788
002079
002078
002071
002070
002073
002072
002075
002074
002077
002076
600488
600489
603066
600480
600481
600482
600483
600485
600487
600138
600139
601336
601333
600130
600131
600132
600133
601339
600135
600136
600137
600310
000410
000413
600313
000415
600315
000417
000416
000419
000418
002673
002672
002671
002670
002677
002676
002675
002674
002679
002678
002475
002474
002477
002476
002471
002470
002473
002472
002479
002478
600556
600005
600006
600555
600552
000909
600550
600551
001896
600008
600009
600558
603029
603028
603023
603022
603021
603020
603027
603026
603025
000780
000783
000782
000785
000786
000789
000788
601991
601992
601996
601999
601998
603117
603116
603111
603118
600307
603688
603686
300278
300279
300274
300275
300276
300277
300270
300271
300272
300273
300478
300479
300476
300477
300474
300475
300472
300470
300471
603599
603598
603979
600303
603377
600302
601009
601008
002587
300054
300055
300056
600959
300050
300051
300052
300053
300058
300059
300296
300297
300294
300295
300292
300293
300290
300291
600300
300179
300298
300299
000547
601000
002318
002319
000546
002314
002315
002316
002310
002311
002312
002313
600831
600830
600833
600835
600834
600837
600836
600839
600838
600309
000939
300120
300121
300122
300123
300125
300126
000937
300128
300129
600305
000420
000933
002268
002269
000422
002260
002261
002262
002263
002265
002266
002267
600639
600638
601231
601233
600633
600630
600637
600636
600634
002044
002045
002046
002047
002040
002041
002042
002043
002048
002049
600497
600496
600495
600493
600491
600490
600499
600498
600127
600126
600125
600123
600122
600121
600120
300467
600129
600128
000428
000429
000938
600308
000936
000425
000426
000935
000932
000421
000930
000423
002688
002689
002686
002687
002684
002685
002682
002683
002680
002681
002440
002441
002442
002443
002444
002445
002446
002447
002448
002449
600545
600012
600011
600010
600017
600540
600015
600019
600018
600549
600548
000688
002589
000680
000681
000682
000683
000685
000686
000687
000338
000333
002588
000949
000948
600016
600543
000756
000757
000755
000752
000753
000750
000751
603168
603169
600392
000758
000759
600393
600467
002033
300269
300268
300263
300262
300261
300260
300267
300266
300265
300264
300469
300468
300465
300464
603766
300466
300461
300460
300463
300462
603568
603566
603567
300239
603788
603789
603308
603309
603300
603306
600340
300235
000430
300043
300042
300041
300040
300047
300046
300045
300044
300049
300048
300284
300287
300286
300281
300280
300283
300282
300289
300288
002309
002308
002303
002302
002301
002300
002307
002306
002305
002304
600808
600809
600804
600805
600807
600800
600801
600802
600803
300139
300138
300137
300136
300135
300134
300133
300132
300131
300130
002277
002276
002275
002274
002273
002272
002271
002270
002249
002279
002278
002246
002247
601222
601226
601225
000835
002053
002052
002051
002050
002057
002056
002055
002054
002059
002058
601555
600152
600153
600151
600156
600157
600155
600158
600159
600794
600795
600796
600797
600790
600791
600792
601318
600798
601311
600378
600379
000929
000928
600372
600373
600370
000926
000921
600377
000923
000922
002699
002698
002695
002694
002697
002696
002691
002690
002693
002692
002459
002458
002457
002456
002455
002454
002453
002452
002451
002450
600570
600571
600572
600573
600575
600576
600577
600578
600579
600206
600207
600202
600203
600200
600201
600208
600209
300300
000507
603166
603167
600262
000748
000697
000695
000693
000692
000691
000690
000698
300458
300459
603779
603778
002412
300450
300451
300452
300453
300455
300456
000100
002410
002141
002416
002415
002414
603799
603798
002062
002791
002792
002793
601958
002795
603318
002796
603311
002797
603315
600975
600976
600970
600971
600973
600978
600979
603959
603958
600819
600818
600812
600811
600810
600816
600815
600814
601038
300148
300149
300142
300143
300140
300141
300146
300147
300144
300145
002202
002203
002200
002201
002207
002204
002205
002208
002209
601933
600353
601788
601789
601328
601766
600325
600327
000401
002518
002519
002516
002517
002514
002515
002512
002513
002510
600320
600141
600143
000404
600146
600149
600148
002192
002193
002190
601369
600787
002197
600785
002195
002198
002199
000918
600368
600241
000058
000910
000911
000912
000913
600365
000915
000916
000917
002428
002429
002422
002423
002420
002421
002426
002427
002424
002425
601566
601567
600569
600568
600567
600566
600565
600563
600562
600561
600560
600215
600217
600216
600211
600210
600213
600219
600218
000595
000596
000590
000591
000592
000593
603608
000598
000599
002736
002734
002735
002732
002733
002730
002731
002738
002739
000776
000777
000778
000779
300447
300446
300445
300444
300443
300442
300441
300440
601818
300449
300448
600400
603099
000967
000969
600409
000006
000007
000004
000005
000002
601965
601966
000001
601968
601969
603898
603899
603328
000008
000009
600875
600874
600871
600706
600963
600962
600961
600960
600967
600966
600965
600969
600704
600781
600873
000521
601021
601020
601028
300159
300158
600064
300151
300150
300153
300152
300155
300154
300157
300156
002211
002210
002212
002215
002214
002217
002216
002218
601777
601799
601798
601158
601155
600688
600689
600682
600683
600680
600681
600686
600687
600684
600685
002509
002508
002505
002504
002507
002506
002501
002500
002503
002502
600178
600175
600176
600177
600171
600173
002181
002180
002183
002182
002185
002184
600778
600779
600776
600777
600774
600775
600773
600770
600771
600196
600197
600195
600192
600193
600190
600191
600061
600198
600199
002439
002438
002431
002430
002433
002432
002435
002434
002437
002436
600518
600519
600512
600513
600510
600511
600516
600517
600515
600220
600221
600222
600223
600225
600226
600227
600228
600229
000582
000581
000587
000586
000585
000584
000589
002725
002724
002727
002726
002721
002723
002722
002729
002728
600426
000906
000905
600425
600350
600351
600352
000900
600358
600359
600428
000908
603158
000768
000767
000766
000762
000761
000760
002187
002186
300432
300433
601801
300431
300436
300437
300434
002188
300438
601808
603555
000166
603088
601377
300418
603085
300419
300388
300389
300384
300385
300386
300387
300380
300381
300382
300383
603333
000014
000017
000016
603885
000010
000012
603889
300410
603339
603338
000019
000018
000638
600057
600055
000517
000510
000511
600998
600997
600995
600992
600993
600990
300098
300099
300090
300091
300092
300093
300094
300095
300096
300097
000627
300165
300166
300167
601018
300161
300162
300163
601015
601016
300168
300169
601012
300366
300367
300364
300362
300363
300360
300368
300369
002228
002229
002224
002225
002226
002227
002220
002221
002222
002223
601168
601169
002189
601166
002088
002089
002080
002081
600693
002083
002084
002085
600697
600696
002538
002539
002530
002531
002532
002533
002534
002535
002536
002537
600169
600168
600163
600162
600161
600160
600167
600166
600165
600769
600768
600765
600764
600767
600766
600761
600763
600185
600184
600187
600186
600180
600183
600182
600189
600188
002156
002405
002154
002407
002400
002401
002402
002151
002408
601579
002158
002159
600509
600508
601588
600501
600500
600503
600502
600505
600507
600506
600239
600238
000806
600236
000802
000803
600231
000801
000576
000572
000573
000570
000571
002711
002712
002713
002714
002715
002716
002717
002718
002719
000972
000973
000970
000971
000976
000977
600433
000975
000978
000979
600439
600438
000718
000719
000712
000713
000710
000711
000716
000717
000715
000488
300484
002753
000626
000155
300423
300422
000622
000151
000620
300426
300429
300428
000158
000159
000628
000629
603520
603528
002571
300399
300398
300393
300392
300391
002573
300397
300396
300395
300394
000020
000021
601908
000023
000025
000026
000027
000028
000029
601900
601901
603636
300087
300086
300085
300084
300083
600988
300081
300080
600985
600984
600987
600986
600981
600980
300089
600982
600354
600355
600356
603988
603989
600422
603456
000902
600893
000901
600720
600421
600723
600898
600722
600724
300173
300172
300171
300170
300177
300176
300175
300174
601003
601002
601001
300178
601007
601005
000861
300375
300374
300377
300376
300371
300370
300373
300372
600429
300379
300378
601718
002239
002238
002233
002232
002231
002230
002237
002236
002235
002234
601177
601179
002527
002526
002524
002523
002522
002521
002520
002529
002528
000886
000883
600758
600759
603011
600750
600751
600754
600755
600756
600757
601558
000881
002413
002144
002147
002146
002417
002140
002143
002142
002419
002418
002149
002148
600536
600537
600530
600531
600532
600533
600538
600539
002097
002096
002095
002094
002093
002092
002091
002090
002099
002098
600248
600249
000819
000818
600242
600243
600240
000816
600246
000810
000813
000812
000568
000565
000564
000567
000566
000561
000560
000563
002709
002708
002707
002706
002705
002703
002702
002701
000961
000960
000963
600403
000965
600405
600406
000966
600408
000968
000709
000708
000700
000703
000702
000705
000707
000498
600099
000635
000637
000636
000631
000630
000633
000632
300414
300415
300416
300417
000639
300411
300412
300413
600093
002281
002287
600095
002740
002285
601919
300127
000039
000038
000037
000036
000035
000034
000032
000031
000030
002747
603199
603198
002746
603997
603996
603993
601313
300430
603999
603998
600653
000548
600075
000533
300435
600077
000531
600071
000537
300439
600073
300188
300189
300187
300184
300185
300182
300183
300180
300181
300340
300341
300342
300343
300344
300345
300346
300347
300348
300349
000927
600371
600376
000920
601100
601101
601106
601107
002024
002025
002022
002751
002552
002553
002550
002551
002556
002557
002554
601198
002558
002559
601727
002394
002395
002396
002397
002390
002391
002392
002393
603558
002398
002399
600747
600746
600745
600744
600743
600742
600741
600740
600749
600748
601618
601616
601611
002596
002594
002170
002172
002173
002174
002175
002176
002177
002178
002179
002593
600523
600522
600521
600527
600526
600525
600528
000828
600258
002645
000820
600250
000822
600252
600255
000825
000826
600256
000558
000559
600389
000550
000551
000552
000553
000555
000557
002778
002779
002772
002773
002770
002771
002776
002777
002775
000958
000959
600419
600418
000955
600415
000957
000950
000951
000952
600410
000735
000736
000737
000731
000732
000733
000738
000739
002606
002607
002604
002605
002602
002603
002600
002601
002608
002609
300224
000600
000601
300409
000603
000605
000606
000607
300403
000609
300401
300400
300407
300406
300405
300404
603508
601069
601877
603883
000011
601928
601929
000048
000049
000042
000043
000040
000046
000045
603618
603611
603616
001979
002555
002497
002496
002752
300199
300198
300195
300194
300197
300196
300191
300193
300192
600896
300359
300358
300357
300356
300355
300354
300353
300352
300351
300350
601288
601111
601113
601117
601116
601118
002541
002540
002543
002542
002545
002544
002547
002546
002549
002548
002383
002382
002381
002380
002387
002386
002385
002384
002389
002388
600279
600884
600885
600886
600887
600880
600737
600734
600883
600738
600739
600888
600889
601608
601607
601601
601600
002145
002169
002168
002167
002166
002165
002164
002163
002162
002161
002160
600088
600089
600084
600085
600086
601238
600080
600081
600082
600083
600648
600649
600647
600644
600645
600642
600643
600640
600641
600066
600067
000545
000544
600062
600063
600060
000540
600068
600069
300310
002769
002768
002761
002760
002763
002762
002765
002767
002766
600398
600399
600468
600469
600462
600463
600460
600461
600466
600395
600396
600397
000723
000722
000721
000720
000727
000726
000725
000729
000728
002615
002614
002617
002616
002611
002610
002613
002612
002619
002618
000837
000836
600266
600267
000833
600261
000831
000830
600268
600269
000839
000838
000829
603288
000619
000617
000616
000615
000613
000612
000611
000610
603519
603518
300502
300503
300500
300501
300506
300507
300505
601939
300509
000059
603606
603601
603600
000050
000055
603609
000056
603006
603869
603868
603866
603861
300218
300219
300216
300217
300214
300215
300212
300213
300210
300211
603268
601010
300328
300329
300322
300323
300320
300321
300326
300327
300324
300325
000065
601126
601127
300513
300036
300037
300034
300035
300032
300033
300030
300031
300515
000919
300038
300039
000411
002578
002579
600311
002574
002575
002576
002577
002570
600312
002572
601011
002378
002379
002376
002377
002374
002375
002372
002373
002370
002371
601388
600892
600891
600890
600897
600316
600895
600894
600728
600317
600318
000821
601633
601636
000823
002118
002119
600257
002112
002113
002110
002111
002116
002117
002114
002115
002288
600098
002282
002283
002280
600090
002286
600096
002284
600094
601700
600658
600655
600654
600657
600651
600650
601258
600652
000532
600074
000530
600076
000536
600070
000534
600072
000538
000539
600079
600078
002026
002755
002756
002757
002750
002023
002020
002021
300457
002758
002759
002028
002029
600387
002597
600385
002595
600383
600382
002590
002591
002598
002599
600479
600478
600470
600475
600477
600476
000990
000993
000995
000996
000997
000998
000999
002620
002621
002622
002623
002624
002625
002626
002627
002628
002629
600273
600272
600271
600270
600277
600276
000848
600278
300516
000668
000669
000662
000663
000661
000666
000667
000665
600004
603806
603077
600007
603016
300511
300510
000066
300512
000060
000061
000062
600416
300519
300518
000068
000069
300421
603678
000953
603818
300420
300209
300208
300205
300204
300207
300206
300201
300200
300203
300202
603703
603701
300339
300338
300331
300330
300333
300332
300335
300334
300337
300336
600699
000063
000815
600698
601139
000301
601137
300025
600691
300027
300026
300021
300020
300023
600690
300029
002082
002569
600692
002563
600695
002561
002560
002567
002566
002565
600694
002369
002086
601390
002365
002364
002367
002087
002361
002360
002362
600718
600719
600868
600869
600714
600867
600864
600865
600862
600863
600712
600861
000811
002109
002108
002101
002100
002103
002102
002105
002104
002107
002299
002298
000156
000869
002291
002290
002293
002292
002295
002294
002297
002296
600668
601717
600660
600661
600662
600663
600664
600665
600666
600667
000157
000520
000523
000525
000524
000526
000529
000528
002743
002742
002741
002036
002031
002030
002745
002032
002749
002748
002039
002038
000150
600444
002584
600446
002581
002580
002583
002582
600448
600449
000989
000988
000987
000985
000983
000982
000981
000980
600435
002639
002638
002637
002636
002635
002634
002633
002632
002631
002630
000851
000850
000852
600288
600289
000859
600287
000925
600285
600283
600280
600281
000679
000678
000671
000670
000673
000672
000677
000676
300408
000860
603299
000509
000608
000070
300402
603399
603398
000078
300520
300521
300522
603669
000503
600023
000501
603808
603800
300508
601518
002034
000863
000505
300238
002404
002157
300230
300231
300232
300233
300234
002406
300236
300237
002155
002152
002153
603936
002403
603939
300304
300305
300306
300307
600587
300301
300302
300303
300308
300309
002409
600727
601188
000809
600380
600917
300010
300011
300012
300013
300014
300015
300016
300017
300018
300019
002358
002359
600547
002350
002351
002352
002353
002354
002355
002356
002357
600708
600879
600703
600702
600877
600876
600707
600870
600705
600872
601098
601099
002134
002135
002136
002137
002130
002131
002132
002133
002138
002139
600677
600674
600673
600671
600679
000518
000519
600059
600058
000514
600056
000516
600054
600053
600052
600051
000513
002001
002002
002003
002004
002005
002006
002007
002008
002009
000543
600452
600456
600455
300024
600459
600458
600237
000807
600233
300022
600388
600232
000800
002648
002649
002642
002643
002640
002641
002646
002647
002644
300028
000868
600298
600295
600297
600291
600290
000862
600292
601898
601899
601890
000858
603012
000887
603010
000885
000882
603017
000880
603015
603018
603019
000888
000889
600259
002562
000088
000089
002564
603128
603126
603123
002368
000962
300227
300226
300225
600733
300223
300222
300221
300220
300229
300228
600343
002366
600423
300057
603729
600436
601398
603726
600345
603909
000541
300313
300312
300311
600348
300317
300316
300315
300314
300319
300318
000931
603838
600717
600711
601888
600860
600251
601628
600900
601599
300009
300008
300007
300006
300005
300004
300003
300002
300001
002347
002346
002345
002343
002342
002341
002340
002349
002348
600848
000895
600841
600843
600844
600845
600846
600847
601088
002123
002122
002121
002120
002127
002126
002124
002129
002128
600592
600593
600590
600596
600597
600594
600595
600598
600599
600602
600600
600601
600606
600604
600605
600609
002592
601515
600028
600029
600022
000502
600020
600021
601519
000506
600027
000504
001696
002019
002017
002016
002015
002014
002013
002012
002011
002010
002289
600118
600119
600116
600117
600114
600115
600112
600113
600110
600111
600336
600337
600333
600330
600331
002411
600338
002659
002658
002651
002650
002653
002652
002655
002654
002657
002656
002568
000878
002511
000877
000876
000875
000652
000651
000650
000657
000656
000655
603822
000659
601880
600361
601886
603001
603000
000897
603002
603005
000890
000893
000892
603009
603008
000899
000898
